task1/OpenGLMFC/data/test.asc
ncols         837
nrows         661
xllcorner     969491.275
yllcorner     6196099.341
cellsize      81.993426195884
nodata_value  -9999.0
[rows 258 to 300 of 661, columns 96 to 191 of 837]
143 144 143 141 132 131 130 130 131 127 126 119 115 112 109 108 107 107 106 105 103 101 101 101 101 102 102 102 103 104 103 103 100 103 110 115 121 137 140 139 144 148 153 158 160 160 156 142 132 126 122 121 117 111 111 114 120 125 130 135 142 154 168 185 200 211 211 210 210 213 210 198 177 157 145 142 142 143 146 154 159 161 163 167 171 177 181 185 185 183 181 178 179 182 188 189
137 138 138 132 130 128 126 124 123 122 119 114 112 111 108 108 108 105 106 105 101 103 103 104 104 103 100 100 102 103 103 105 106 102 106 112 124 130 133 134 140 146 152 156 158 159 156 145 134 126 120 117 113 111 112 114 120 126 130 135 141 149 163 179 193 202 203 200 201 205 203 191 170 152 142 140 141 142 148 156 159 164 168 171 174 180 190 193 195 190 186 181 182 189 193 195
132 132 131 130 127 126 124 122 118 118 114 111 110 109 108 107 106 105 105 106 104 105 105 106 104 103 102 103 101 100 101 102 105 105 104 108 116 122 124 128 135 143 151 155 154 151 149 143 133 129 119 116 110 110 112 114 120 125 131 136 142 148 158 172 186 194 194 191 187 189 188 181 164 145 140 140 141 142 149 154 161 167 171 175 177 187 192 198 200 196 191 188 188 190 196 201
126 127 124 125 123 123 121 120 118 116 113 110 109 107 108 107 106 104 104 109 108 108 108 108 105 104 104 106 103 100 99 100 100 105 104 108 111 114 120 125 133 143 151 156 154 149 142 137 131 126 118 111 109 109 110 116 122 127 135 140 145 151 156 167 178 185 186 181 175 173 171 168 156 141 140 139 141 144 149 153 162 168 171 176 182 189 196 200 203 202 199 194 195 197 203 207
121 121 119 120 119 119 118 117 117 115 113 109 109 108 108 108 106 102 104 104 111 115 113 109 109 107 107 107 106 104 101 100 100 100 101 103 108 112 118 127 135 142 151 157 153 146 138 134 127 121 112 109 109 107 110 118 124 128 137 144 150 157 160 165 171 178 180 171 167 161 159 155 149 140 138 137 141 145 148 153 161 168 173 183 186 191 198 202 205 206 204 201 198 201 207 212
119 118 117 117 116 116 117 116 114 114 112 110 108 106 106 106 109 102 104 106 112 114 114 112 112 110 111 110 109 109 104 102 100 101 104 103 109 112 118 125 134 141 149 152 149 139 132 129 123 113 111 108 108 107 113 120 125 131 139 148 154 160 164 168 174 177 180 175 169 162 157 150 144 139 137 137 140 145 152 155 158 166 179 185 190 194 198 203 206 208 209 206 202 202 210 216
117 117 117 117 115 115 116 115 114 112 111 110 107 106 105 108 105 103 104 107 111 114 116 117 117 116 115 116 115 112 106 105 99 100 101 100 103 109 116 124 131 141 148 147 143 134 127 123 113 110 107 107 107 108 115 122 128 136 140 148 155 162 168 172 178 184 185 183 177 169 160 152 142 139 137 137 140 148 156 160 159 171 178 182 189 194 198 202 207 210 212 211 210 208 215 221
115 115 115 116 116 115 115 115 115 113 112 108 106 105 104 105 102 104 104 107 111 116 121 124 125 123 122 121 119 114 107 106 103 100 98 96 99 105 114 123 132 141 150 145 138 131 124 120 111 108 106 106 107 110 115 121 127 131 136 143 151 159 166 172 183 186 186 186 181 172 163 153 142 137 134 135 139 148 158 163 166 168 175 180 185 191 196 202 209 211 214 216 215 214 219 224
111 111 113 115 113 114 114 113 113 114 111 106 104 106 105 104 104 106 106 107 113 119 124 129 130 129 128 125 121 115 106 106 104 101 99 97 96 103 113 123 131 140 148 144 135 126 119 113 108 105 104 105 108 112 115 119 123 126 131 137 144 150 157 170 176 182 184 183 180 173 163 152 143 136 134 133 138 147 159 166 168 172 176 181 186 191 197 204 209 212 218 221 219 219 223 230
110 110 110 112 112 113 113 113 113 111 108 104 104 103 104 105 105 106 107 108 114 123 130 134 136 135 131 128 124 114 108 106 104 104 102 99 97 101 111 119 125 132 139 140 130 119 112 110 106 104 103 106 111 113 114 116 120 123 126 133 137 140 154 161 168 174 178 178 176 168 159 149 141 134 132 133 136 145 155 167 170 174 179 185 192 197 201 207 210 215 220 222 220 220 224 238
107 107 107 110 110 109 109 108 107 107 105 104 102 103 106 105 107 107 108 109 114 122 131 139 143 141 136 132 121 115 111 107 104 104 103 101 98 99 106 112 118 121 124 127 124 112 109 107 104 103 103 108 115 117 119 121 124 125 128 132 133 139 147 155 162 168 173 173 171 164 155 147 140 133 131 133 134 143 157 162 167 172 178 187 196 200 201 208 213 216 218 217 215 217 227 233
105 102 102 103 103 103 104 105 105 104 103 103 104 106 106 106 108 109 109 111 114 119 126 137 145 149 144 137 122 117 112 109 107 105 103 102 99 98 102 109 111 113 114 113 110 108 105 103 102 103 107 114 118 123 126 129 131 131 134 134 132 140 146 152 160 165 169 169 167 161 153 146 141 134 131 133 133 152 161 168 171 173 178 187 196 200 204 208 215 218 214 210 207 213 218 224
103 103 103 101 100 101 102 104 104 103 104 103 105 106 106 107 108 110 112 114 116 119 125 134 145 154 151 131 122 116 112 110 109 107 104 103 101 99 102 106 108 108 108 107 106 104 102 101 101 102 111 119 120 127 130 133 136 138 139 140 137 138 143 150 158 165 168 167 162 157 152 145 141 134 130 131 138 155 174 184 183 179 180 185 190 196 201 205 210 211 207 200 195 198 206 211
103 104 104 101 102 102 102 103 103 104 105 104 105 106 106 108 109 112 115 117 117 121 130 140 148 160 147 137 123 115 113 109 109 107 105 104 102 99 97 100 105 105 104 105 103 101 100 102 101 102 110 118 121 128 132 135 139 143 145 146 144 141 140 145 152 157 162 164 161 158 154 148 143 136 129 129 133 148 172 184 186 181 176 177 183 189 194 199 202 203 199 194 181 186 196 200
102 103 102 102 102 102 102 103 107 107 106 104 104 106 107 109 110 113 117 118 119 125 137 147 157 164 155 142 126 118 113 110 109 106 105 103 102 101 97 100 104 105 103 103 103 100 100 102 102 104 108 116 122 127 133 137 139 143 148 148 146 143 143 146 149 154 160 164 166 162 158 153 145 138 126 129 130 137 152 163 169 169 167 170 175 182 189 195 198 197 191 175 170 177 186 188
103 103 102 103 102 103 105 105 108 108 108 104 104 106 108 110 111 114 118 120 123 126 136 146 169 169 160 143 128 119 114 111 109 105 105 104 103 104 101 100 103 103 101 101 103 101 100 101 105 107 111 116 122 125 131 137 139 143 147 147 146 146 147 148 151 155 161 166 169 167 163 155 147 132 126 126 129 133 139 145 150 152 157 163 169 176 183 191 195 191 171 164 163 167 174 173
105 105 104 105 106 106 108 108 110 110 109 106 106 107 108 110 111 116 118 121 124 126 130 156 170 178 171 149 132 119 115 111 108 105 104 103 103 104 102 100 102 101 101 101 102 101 100 105 111 113 114 116 119 124 129 134 139 140 143 145 145 148 148 150 153 156 161 167 169 170 165 157 148 135 128 125 127 132 143 156 163 163 163 163 163 168 174 182 187 177 166 157 155 158 163 162
108 107 107 109 110 110 110 112 112 115 116 113 110 108 109 110 114 119 120 123 125 130 142 154 172 184 184 162 138 123 118 113 109 106 105 104 103 102 102 101 102 101 101 100 100 100 104 112 118 121 121 121 122 125 128 135 136 138 140 143 145 148 148 152 155 157 161 165 168 168 165 158 144 136 128 124 125 130 145 168 180 183 178 168 158 158 162 165 169 168 163 155 149 149 151 152
112 110 109 111 113 113 114 116 119 122 123 120 113 110 110 112 118 122 124 128 135 138 140 150 169 183 191 168 142 126 120 113 109 107 105 104 104 102 102 100 100 101 101 98 100 104 110 116 120 122 125 128 126 128 131 134 136 137 140 142 145 147 149 153 156 157 160 164 167 168 165 152 143 135 129 123 122 125 137 161 180 187 181 167 153 148 148 144 145 150 152 148 144 143 144 147
117 113 114 117 119 122 121 122 124 127 126 122 115 110 111 113 119 123 129 137 157 148 143 148 164 181 189 178 160 140 124 113 109 107 105 102 104 103 102 100 99 100 100 100 106 112 116 119 123 124 128 130 129 132 132 134 136 137 141 143 146 147 148 151 153 157 158 159 164 166 159 152 143 135 129 123 121 123 128 143 165 175 167 154 143 137 130 129 130 132 136 137 138 138 139 141
119 118 120 130 128 129 130 128 128 130 129 125 117 111 112 114 121 124 132 144 162 159 152 149 156 171 183 189 183 168 140 119 109 106 105 102 103 103 101 100 99 101 104 111 113 115 119 122 124 126 128 130 131 134 135 136 136 137 141 143 144 146 148 151 153 155 156 158 162 163 156 149 143 137 130 124 122 121 123 132 146 155 151 140 132 126 125 126 126 128 129 130 130 134 136 136
122 122 134 140 138 136 137 137 139 137 134 128 118 113 111 114 121 130 137 157 167 168 163 158 159 165 174 189 197 188 160 128 113 107 105 102 103 103 101 100 100 100 106 111 114 117 119 122 124 126 128 130 133 134 136 137 136 137 139 141 142 144 148 151 152 154 156 156 162 159 153 151 146 139 133 125 122 120 120 126 131 135 133 128 124 125 126 125 127 130 131 130 129 132 135 135
131 129 136 145 147 146 146 149 151 148 141 132 122 116 111 114 121 129 144 152 168 177 174 170 174 179 182 194 204 198 177 141 122 110 104 104 103 102 101 100 97 99 107 112 115 118 119 122 124 125 128 129 133 134 135 136 136 138 140 142 143 143 147 151 151 152 154 160 160 157 154 152 146 140 134 126 121 120 119 119 124 125 123 122 122 125 129 132 133 134 135 133 131 133 136 139
145 139 135 146 154 157 158 160 161 159 152 143 132 123 116 115 122 135 143 150 161 175 182 184 190 200 203 206 209 206 194 161 137 107 104 103 103 101 100 98 96 100 107 113 117 118 120 122 125 125 128 130 132 134 135 136 136 137 139 141 143 144 146 150 149 152 158 160 160 159 156 151 145 141 135 129 123 118 116 116 119 122 121 119 125 132 136 139 141 140 140 137 135 134 138 142
158 150 139 143 156 164 168 171 171 170 165 154 144 133 122 116 125 133 142 149 157 168 184 194 202 212 211 210 206 200 198 178 129 111 106 103 103 100 99 98 95 101 109 112 117 119 122 123 125 127 128 130 132 133 133 134 134 136 138 140 143 146 147 150 151 158 160 162 162 163 157 153 148 143 139 132 125 117 115 116 116 119 119 122 131 138 143 147 151 150 147 143 139 135 138 142
166 159 148 143 153 166 174 176 178 178 173 164 154 141 127 117 122 130 139 148 157 166 179 191 205 213 208 206 196 189 186 179 143 120 107 104 102 99 98 98 96 102 110 111 114 118 122 124 127 127 127 128 130 131 132 133 133 136 138 140 143 145 147 150 156 160 162 163 166 165 158 152 148 143 139 133 127 120 117 116 115 117 120 129 138 145 151 157 160 159 156 149 143 137 137 143
171 166 157 150 153 162 173 178 179 177 173 166 156 144 125 119 119 127 138 147 155 164 172 180 194 206 203 196 186 182 176 161 153 131 111 105 100 98 97 98 101 105 109 111 112 116 120 126 126 126 128 127 128 130 133 134 134 136 138 140 143 146 148 152 158 162 165 166 167 167 159 154 148 146 140 134 128 123 117 116 114 115 125 137 146 154 161 166 167 166 163 155 148 142 139 143
184 180 167 157 160 166 173 177 175 173 169 163 154 136 128 121 118 125 135 143 150 157 165 172 179 192 199 191 183 176 167 161 155 136 119 105 99 96 97 99 102 106 109 109 111 114 122 124 125 125 126 127 128 130 131 132 134 135 137 141 143 147 151 157 159 163 166 168 170 170 165 158 152 147 142 135 128 123 116 112 114 117 131 144 155 162 167 169 171 170 164 159 152 144 141 142
198 194 177 167 171 178 179 175 170 167 162 156 142 134 128 123 119 123 129 138 144 149 158 167 171 175 180 178 174 165 164 162 156 141 130 110 97 95 97 99 100 104 106 108 112 113 117 121 123 123 126 127 127 127 129 130 133 135 138 142 144 148 155 158 161 162 166 168 170 171 171 164 156 149 144 136 128 121 112 112 115 121 135 151 163 167 170 170 170 170 167 162 155 148 144 147
204 204 191 184 185 187 183 174 165 158 155 148 138 131 127 124 121 122 128 134 139 145 154 162 168 169 168 165 159 158 158 159 156 146 134 117 99 97 99 99 100 103 105 107 113 113 114 118 120 122 125 127 127 126 128 130 132 135 140 142 145 151 155 159 161 161 162 165 168 169 169 162 155 149 142 134 126 113 112 113 115 124 141 158 169 170 168 166 168 171 170 166 161 154 146 146
190 202 203 198 194 188 180 168 157 151 147 137 135 130 128 124 122 124 129 134 139 145 154 160 168 170 167 157 154 152 148 147 143 135 126 115 101 98 100 97 99 102 105 105 109 112 114 115 118 121 123 125 127 127 127 129 131 134 139 144 150 153 155 156 159 161 161 163 164 166 164 158 151 142 135 129 119 112 111 113 117 128 144 163 167 163 160 159 165 171 173 170 166 153 149 145
189 202 206 199 191 180 170 158 151 147 139 138 136 134 133 128 124 127 133 139 143 146 154 160 166 170 160 155 151 147 142 135 127 118 114 107 98 95 97 97 99 103 104 105 106 108 112 111 113 116 120 123 125 127 127 128 130 133 139 149 154 156 157 154 154 156 156 157 158 160 160 154 146 136 129 125 117 110 111 113 118 130 145 157 159 152 148 153 163 170 173 172 162 158 154 149
204 209 203 190 180 169 160 153 150 149 147 145 144 141 135 128 125 130 136 143 148 152 155 161 165 165 159 153 146 141 141 137 130 121 115 107 98 94 95 96 100 101 105 105 106 107 109 108 109 111 113 118 120 124 127 128 129 132 146 152 156 158 158 156 153 151 150 151 152 153 153 147 139 132 126 118 112 108 112 114 117 125 134 140 141 139 141 150 159 167 172 172 168 161 157 153
214 214 199 180 169 161 155 155 158 158 157 155 153 149 140 128 127 131 136 142 149 155 157 163 169 164 158 151 143 137 135 135 133 127 121 112 103 96 95 96 100 103 105 105 106 108 108 107 108 109 110 112 115 119 122 126 128 141 148 153 158 162 163 160 156 149 146 146 146 146 143 138 132 126 118 113 108 107 111 113 115 120 123 126 130 131 137 145 153 163 174 175 172 166 161 155
217 211 194 176 166 159 156 165 168 169 170 166 163 153 138 127 128 131 136 141 147 153 159 164 172 168 159 149 141 134 128 129 128 126 125 119 111 102 98 96 102 102 101 103 106 106 105 106 106 108 110 111 113 118 120 124 135 142 147 155 162 169 172 166 160 152 145 141 140 139 137 132 127 118 114 109 107 106 109 114 118 122 124 127 130 131 135 140 148 165 171 176 174 170 165 157
218 202 186 172 164 161 169 172 176 178 177 174 166 151 134 126 128 133 139 145 149 155 160 170 174 172 162 151 144 138 131 127 123 121 121 119 115 109 102 97 99 101 101 102 103 105 103 104 106 105 109 111 112 115 119 121 133 140 147 156 165 173 178 175 168 159 148 140 135 133 130 126 119 116 111 106 105 106 109 114 122 129 132 134 135 136 137 139 154 160 166 173 175 173 168 162
210 194 179 171 166 172 175 177 181 182 178 173 163 148 136 129 129 136 145 152 158 165 173 175 177 178 171 160 153 147 139 132 125 121 118 114 112 109 97 96 99 101 103 101 101 103 104 103 104 105 107 108 109 112 116 125 129 136 144 153 162 169 176 178 175 165 154 144 135 128 126 119 117 115 110 106 105 106 110 116 126 135 139 141 142 144 143 142 151 157 161 168 173 172 170 167
204 191 178 172 171 180 182 183 183 179 172 166 157 147 139 132 130 137 146 154 165 181 184 184 184 185 182 174 164 156 148 139 130 124 119 113 109 99 94 94 98 100 100 100 102 102 104 105 105 105 104 106 107 110 117 121 125 132 139 149 155 161 169 172 171 164 156 146 139 130 122 115 115 112 108 105 105 106 112 119 130 139 145 149 151 152 150 146 149 154 160 166 169 173 173 170
203 191 180 175 183 189 191 187 182 174 164 158 150 143 138 133 130 133 142 153 177 187 194 192 191 191 188 182 175 165 154 145 136 129 124 117 106 103 98 96 98 98 99 99 100 101 103 105 106 105 104 104 106 112 113 118 122 128 134 143 148 153 161 163 162 158 153 145 137 123 119 115 113 111 106 103 103 104 113 123 133 140 147 151 155 157 153 149 149 155 161 165 170 175 178 175
204 192 182 185 193 198 198 189 179 169 159 151 146 141 137 133 131 135 140 160 171 180 190 193 192 189 186 180 176 170 159 150 142 135 128 121 109 104 101 96 96 97 99 100 100 100 100 103 104 104 104 104 107 110 113 117 120 124 131 136 142 148 153 157 155 152 148 141 130 122 117 114 112 110 105 102 102 103 113 125 134 138 143 150 155 161 159 154 150 156 162 167 173 176 181 180
202 191 186 194 203 206 200 188 177 168 160 155 148 141 135 132 134 136 145 153 162 170 181 188 187 183 177 170 166 167 162 155 146 136 128 117 110 103 99 97 96 95 98 100 99 100 101 102 102 102 104 106 106 108 112 115 119 121 126 130 136 142 147 152 151 148 142 138 129 122 116 112 110 107 105 102 101 105 114 121 129 135 139 147 161 165 163 158 155 157 163 170 176 180 184 182
201 193 193 200 209 210 200 188 180 172 168 164 154 143 135 135 138 144 147 151 158 166 176 182 179 175 166 157 154 158 158 154 145 137 123 116 110 104 99 98 96 96 97 98 98 99 100 102 102 102 104 105 104 107 110 113 116 121 123 126 130 136 141 145 147 146 141 130 125 121 115 111 108 106 103 100 101 105 111 115 121 128 136 149 155 159 163 162 160 161 166 172 179 183 188 186
208 210 209 210 211 211 203 196 192 184 177 167 154 142 134 137 140 148 153 154 157 163 172 177 174 165 157 147 144 148 149 149 146 132 124 116 106 103 102 103 99 96 98 96 97 97 99 103 103 102 103 103 104 105 107 111 115 120 122 124 126 131 135 139 143 142 133 127 122 118 114 110 107 103 100 99 102 110 114 116 119 122 134 139 144 149 157 161 163 167 172 177 183 187 189 189
