task1/OpenGLMFC/data/test.asc
ncols         837
nrows         661
xllcorner     969491.275
yllcorner     6196099.341
cellsize      81.993426195884
nodata_value  -9999.0
[rows 516 to 558 of 661, columns 576 to 671 of 837]
193 187 185 181 178 176 172 164 168 172 176 178 181 182 188 191 196 201 206 207 208 211 212 212 208 201 201 206 207 211 215 220 222 221 218 214 208 208 214 224 226 226 223 216 201 195 202 210 215 218 221 221 221 217 212 197 196 201 206 205 200 194 193 198 204 209 212 214 213 212 209 211 215 220 224 227 227 226 224 224 226 228 232 235 239 244 247 259 259 247 241 234 218 210 209 215
193 190 188 185 183 179 174 168 170 174 179 182 184 185 188 190 196 200 201 203 205 208 211 211 211 207 208 211 212 215 217 219 222 222 219 217 213 212 220 225 227 225 221 213 200 196 201 209 217 219 223 227 222 221 212 203 201 205 209 208 202 196 192 197 205 210 216 219 220 217 214 213 218 223 230 231 231 231 229 227 227 229 232 233 234 239 250 253 250 239 237 236 227 213 200 207
193 193 191 188 187 180 178 171 170 176 181 186 189 192 191 191 193 197 200 203 205 207 209 210 214 212 212 214 217 219 219 218 221 223 223 222 219 216 221 225 227 224 221 209 202 198 202 208 218 223 227 229 227 221 214 208 207 209 213 214 209 203 194 193 201 208 217 222 225 221 222 219 221 226 231 234 234 234 232 229 229 230 232 231 228 232 247 250 244 235 228 231 230 217 199 210
193 195 193 190 188 184 179 172 171 177 183 189 193 196 198 197 194 195 200 203 207 207 208 212 215 215 215 218 219 219 218 219 222 225 226 225 222 222 223 224 226 223 220 210 206 203 206 211 219 226 230 230 226 220 214 211 212 213 217 219 217 211 202 193 197 207 216 222 227 226 226 226 226 229 231 234 237 235 233 230 230 231 232 229 224 234 242 247 241 230 221 228 227 213 196 207
194 195 194 193 189 184 181 173 172 179 185 191 196 200 202 201 200 200 203 210 210 208 208 213 215 219 218 219 218 216 213 216 224 229 229 226 225 225 226 225 224 223 220 214 213 210 210 214 221 227 232 230 227 221 215 215 216 218 220 223 221 216 209 199 198 206 216 227 229 229 229 233 234 235 235 235 236 236 234 231 231 233 232 228 217 229 237 240 235 226 217 222 224 210 193 205
195 197 196 196 193 188 184 179 177 180 185 191 196 201 204 205 206 206 210 211 213 213 211 211 215 218 219 218 213 210 206 212 223 228 229 227 226 228 227 228 226 225 224 220 219 217 215 217 220 227 233 231 229 223 220 218 220 222 223 225 223 219 212 204 197 203 222 227 228 231 235 239 240 239 238 236 235 236 234 230 231 234 231 214 211 223 231 233 228 221 213 215 215 209 191 197
196 199 197 199 200 193 188 183 180 179 183 188 193 198 203 206 208 212 213 214 216 218 213 209 209 211 212 210 206 199 199 211 219 223 223 223 226 227 226 228 229 229 228 224 220 218 220 219 218 225 227 227 229 226 221 219 221 221 224 228 227 222 216 206 200 206 214 222 226 232 238 244 249 242 234 232 234 235 234 227 226 230 225 213 207 217 224 226 223 216 207 205 206 203 188 189
196 197 196 198 196 194 192 186 183 182 183 188 192 196 200 206 212 213 215 218 218 217 213 203 201 205 202 198 194 189 193 206 214 213 214 218 222 221 223 226 229 229 227 222 221 219 220 217 220 223 226 226 228 226 221 216 216 218 222 227 230 226 220 212 206 207 212 217 224 231 238 245 244 237 227 225 228 232 231 224 219 223 220 213 203 208 217 220 220 211 204 197 198 198 187 185
190 193 190 189 189 191 192 189 188 188 189 192 195 197 201 211 215 216 217 218 217 213 208 200 194 193 190 184 181 181 187 202 203 203 210 215 215 214 216 221 224 223 218 214 214 212 214 212 224 230 229 228 226 225 221 211 206 211 217 222 226 224 220 213 205 207 211 216 222 231 236 238 232 230 225 220 220 226 225 221 215 213 210 204 197 198 206 214 216 209 202 195 192 192 186 182
183 186 184 182 182 188 189 188 191 192 194 196 200 201 211 218 220 221 219 216 213 207 204 201 195 187 182 176 173 172 186 192 194 198 205 209 207 209 210 212 216 213 208 199 201 201 201 206 220 227 227 225 223 222 219 209 198 198 206 215 221 219 219 208 205 205 210 216 221 229 233 231 227 228 225 220 216 216 218 206 204 205 199 193 191 194 200 207 211 209 200 194 189 185 183 178
177 179 178 176 177 184 184 185 190 194 197 199 204 210 215 221 224 224 222 217 208 202 199 196 194 189 182 175 169 171 179 185 186 192 198 200 200 200 201 203 205 203 201 190 187 190 195 202 210 213 216 215 215 214 214 205 193 186 195 206 212 214 211 208 206 205 209 214 217 222 227 228 225 224 224 220 211 208 210 204 196 198 195 187 189 197 201 206 208 205 200 193 189 186 176 174
168 168 169 170 171 176 178 181 185 193 197 199 205 209 212 216 222 223 222 216 207 199 193 189 189 188 183 177 162 165 174 177 179 184 190 192 193 193 197 199 198 195 191 184 179 191 198 200 202 204 205 206 206 207 204 196 187 181 187 196 203 210 211 210 208 207 207 209 211 216 222 224 225 220 217 214 207 201 202 199 190 187 187 182 187 198 202 204 205 202 200 196 195 188 182 178
159 161 164 166 168 170 174 179 185 191 195 198 202 203 207 209 211 215 217 212 205 198 191 186 183 181 178 168 160 163 170 171 170 176 180 185 188 190 193 192 189 188 185 178 183 195 199 196 195 195 195 196 199 201 200 195 185 176 179 188 204 210 212 211 209 205 203 202 201 210 217 220 223 220 212 209 197 194 192 190 186 180 178 175 184 194 197 199 203 202 200 200 197 195 193 189
160 165 170 169 172 174 176 179 182 188 194 195 196 198 198 198 201 205 208 205 200 196 191 184 179 177 171 168 159 158 163 166 173 179 183 185 186 190 189 186 182 182 182 171 178 187 191 188 190 189 187 187 190 193 195 192 182 171 172 193 202 206 208 206 203 197 195 193 194 203 210 216 218 217 214 207 202 200 195 194 189 183 176 171 179 186 188 193 199 200 203 204 201 198 195 194
165 169 170 172 174 176 174 176 178 184 188 189 191 191 188 187 193 197 199 197 194 190 187 184 181 177 166 163 158 155 158 165 174 183 187 187 187 190 188 182 177 175 171 168 171 177 181 181 185 185 181 180 181 186 189 188 181 170 176 186 195 197 197 193 190 184 184 184 190 197 204 209 211 212 212 210 209 206 204 203 197 190 180 170 170 176 178 185 193 199 204 204 201 198 195 193
163 164 162 163 166 170 170 169 172 179 182 184 186 183 180 180 182 186 189 188 187 183 182 182 182 174 169 161 153 151 156 163 171 180 184 186 187 188 186 180 173 167 164 166 166 168 173 177 181 183 177 173 173 180 184 187 183 162 167 176 183 186 185 179 177 177 178 181 186 193 198 202 205 209 210 210 210 206 205 204 200 193 182 173 168 165 168 175 185 196 197 197 196 194 191 186
156 153 154 158 163 165 165 164 171 174 178 182 181 178 174 173 171 175 177 178 179 178 178 180 184 180 175 167 158 151 153 160 167 175 179 181 182 183 184 180 161 158 157 157 162 167 175 180 183 185 180 172 166 172 178 182 173 162 158 165 170 173 173 167 172 178 180 183 186 188 193 197 205 206 208 208 207 205 201 199 197 193 185 180 175 168 164 167 182 188 190 190 190 191 185 178
148 156 161 164 167 171 170 168 171 174 177 181 178 175 173 169 165 168 169 170 169 170 171 180 182 182 180 175 167 157 150 155 162 170 175 175 177 176 180 170 159 152 156 159 165 172 180 183 185 186 183 175 163 162 168 169 165 158 154 155 157 161 165 166 174 181 185 187 189 190 194 200 202 204 205 205 204 201 199 195 191 190 186 183 180 176 168 166 173 179 182 185 189 191 186 178
150 161 169 171 173 180 177 175 175 180 180 182 180 178 176 168 164 162 163 163 163 166 171 175 179 181 182 179 173 165 153 150 153 158 165 170 173 171 170 160 151 152 158 166 172 177 182 185 185 185 183 176 164 155 159 156 152 152 151 155 158 159 162 167 176 182 188 190 192 196 200 201 203 204 204 202 202 199 195 189 185 185 183 182 183 179 160 160 167 173 178 184 191 191 190 187
155 163 172 176 182 192 189 184 180 182 180 180 180 183 180 169 162 158 156 157 158 166 170 174 178 179 180 179 176 169 159 150 146 147 152 163 167 162 158 150 145 151 159 168 175 181 184 185 184 184 181 173 165 150 147 145 148 149 155 165 169 168 168 171 174 182 188 191 194 203 204 205 205 204 203 202 202 199 196 190 186 182 178 175 177 169 159 157 166 175 181 187 191 192 192 192
161 166 173 180 191 195 198 193 182 178 176 177 178 182 180 173 164 155 150 153 161 166 171 174 176 177 176 177 174 170 163 159 157 149 143 153 163 156 147 143 147 152 157 165 171 180 183 184 184 182 177 173 160 151 141 143 152 159 166 174 179 178 178 178 178 183 188 193 200 203 207 209 207 205 202 202 202 203 198 195 190 182 178 172 167 163 156 156 166 174 181 187 188 189 191 193
168 169 173 182 185 187 189 187 183 175 171 173 176 181 178 173 168 158 148 156 161 166 170 171 173 173 174 175 175 170 166 165 161 150 142 156 159 151 142 145 155 160 161 164 170 178 181 182 184 185 181 173 165 156 141 140 149 163 171 179 183 185 185 186 185 186 189 199 201 204 206 209 206 205 201 198 199 201 198 196 192 186 183 167 163 159 155 153 161 168 176 183 187 186 188 189
172 170 171 172 172 175 177 179 177 174 168 169 174 176 178 174 167 158 147 154 160 164 167 169 170 171 172 171 170 170 169 168 164 154 140 146 149 144 141 152 163 169 169 169 173 177 180 178 179 179 178 177 167 162 148 139 146 162 171 181 185 187 188 190 190 191 196 200 203 206 207 206 204 198 197 195 195 196 196 194 193 192 187 173 166 163 158 151 154 162 172 180 185 183 182 179
171 164 162 161 161 163 166 168 169 170 165 164 166 172 175 173 163 146 145 150 156 160 162 166 168 167 167 165 165 166 167 167 164 145 136 140 142 138 139 154 165 171 172 172 173 175 177 175 177 174 176 175 170 163 148 138 146 160 170 179 184 185 188 190 191 193 195 199 202 203 204 204 200 195 192 189 190 191 192 194 195 192 186 179 174 169 164 154 149 157 170 179 180 174 168 161
166 159 154 152 152 151 157 158 161 164 160 161 164 171 172 168 152 146 141 145 151 155 159 162 166 168 166 163 161 161 161 162 152 144 135 135 137 135 137 147 158 166 168 168 169 172 172 171 173 171 170 172 167 157 142 135 144 155 164 173 178 184 187 190 190 192 194 197 198 197 198 198 195 191 188 184 185 186 187 191 193 189 189 183 180 173 166 153 146 158 168 175 173 165 154 148
167 160 151 147 144 146 150 155 159 157 155 157 163 171 170 157 151 146 140 142 145 148 155 160 164 167 168 166 159 155 151 148 141 136 132 131 132 134 137 142 150 156 160 164 166 168 169 165 164 163 162 163 160 151 137 134 144 153 160 169 175 181 184 189 188 188 193 194 192 189 190 191 189 185 183 180 180 182 184 188 188 188 189 186 182 174 162 149 147 159 169 172 168 158 148 147
169 162 152 144 139 143 148 152 154 149 151 157 162 169 164 157 150 146 139 139 142 149 155 159 162 165 167 166 157 151 140 133 129 127 127 128 130 134 141 146 148 152 157 161 167 169 167 162 156 155 153 154 156 148 134 134 145 156 165 172 177 180 182 183 186 186 189 184 185 182 183 184 183 180 177 174 174 177 181 185 186 185 189 188 184 174 158 146 146 159 169 173 165 154 147 158
169 160 150 140 134 139 145 149 147 144 152 160 164 166 163 156 148 146 138 136 141 147 154 157 160 162 164 162 156 139 131 123 122 124 126 128 131 139 145 154 154 152 157 163 167 169 167 165 158 153 147 149 151 145 133 133 142 155 165 171 178 179 180 176 179 182 181 175 177 177 176 178 175 172 168 168 171 174 182 185 186 186 186 186 183 172 158 146 143 157 166 171 165 152 149 159
163 152 143 134 129 134 139 144 143 143 154 157 163 163 163 160 152 144 137 134 140 148 152 154 158 160 161 159 150 141 129 121 122 127 129 135 139 146 152 158 160 157 160 165 171 171 169 168 164 156 148 143 144 141 128 135 145 156 164 170 176 178 175 171 170 174 174 172 170 170 169 170 166 162 166 171 175 183 182 184 185 189 188 184 176 165 154 145 142 153 163 167 166 144 145 155
156 145 134 129 127 131 135 136 139 144 152 157 160 160 161 158 151 141 133 133 139 146 150 153 159 160 158 156 151 144 133 120 122 130 134 142 147 154 158 160 163 164 164 166 172 173 172 170 167 158 150 140 137 135 128 137 150 157 164 168 171 173 169 165 163 166 168 167 163 163 164 161 159 164 174 180 188 190 186 185 187 189 188 182 171 159 151 141 140 149 159 164 150 141 142 152
151 139 127 125 127 129 132 135 138 143 147 153 158 158 157 154 149 138 131 130 135 143 149 154 159 157 153 154 150 146 137 124 121 129 137 145 151 155 159 162 164 165 165 167 171 173 174 172 169 160 150 139 132 128 127 139 150 154 159 162 165 165 163 160 155 158 158 158 157 157 157 154 160 168 178 188 191 191 190 188 188 187 184 180 173 163 156 144 137 145 154 157 144 137 140 147
142 133 122 123 130 135 136 138 139 142 150 152 155 157 157 153 147 139 131 127 130 140 146 151 153 151 147 148 148 146 138 126 119 130 137 143 147 152 157 160 162 161 168 167 170 173 173 173 168 158 147 137 127 123 128 139 146 147 151 153 156 157 157 154 149 147 147 147 148 151 151 153 164 170 179 183 188 188 190 188 185 184 180 177 173 166 159 150 139 139 155 151 144 138 140 142
134 127 121 122 130 137 140 142 143 146 149 152 155 156 155 151 146 141 130 126 126 133 139 146 148 144 146 145 143 140 136 125 119 128 136 139 141 146 150 152 155 162 165 169 169 172 171 168 164 158 147 138 127 120 127 136 141 140 140 143 146 150 150 145 142 141 138 139 141 145 148 155 164 172 178 181 184 184 184 183 181 178 175 173 170 162 152 144 134 144 149 147 142 138 137 139
127 122 118 122 129 136 142 145 145 147 150 153 156 154 151 147 146 138 130 124 123 127 133 139 142 142 144 144 139 133 130 122 117 119 128 132 134 137 140 143 151 155 162 166 167 165 166 163 157 152 145 137 126 119 125 131 132 129 131 134 137 141 143 140 138 137 136 139 144 148 151 159 170 172 178 183 181 180 179 178 179 173 171 168 164 154 145 137 131 137 142 141 137 135 137 144
123 119 115 121 126 130 137 141 144 147 151 154 154 153 153 148 146 139 130 127 121 121 127 132 134 138 141 141 134 125 120 117 113 114 121 125 129 132 136 145 149 155 159 162 163 160 159 158 152 144 139 133 123 119 122 124 121 120 123 128 129 132 133 134 133 134 137 142 149 153 157 167 171 173 176 181 179 178 178 175 175 171 166 167 160 151 143 129 131 136 135 134 134 135 142 152
117 112 111 119 123 126 130 136 141 146 149 152 151 153 156 152 149 144 138 132 126 119 126 128 131 138 141 138 126 115 112 116 118 121 124 128 132 140 146 150 154 157 156 156 155 153 152 151 148 141 135 128 122 118 119 117 118 122 120 120 123 124 126 129 130 131 139 144 149 156 165 172 176 176 175 178 178 177 174 172 171 169 162 160 154 146 129 129 138 140 133 133 134 136 142 152
110 109 113 121 125 124 128 133 139 144 148 150 151 152 156 158 156 148 143 136 131 114 118 125 132 137 138 134 121 110 115 127 135 137 137 136 138 149 154 158 161 160 158 155 149 146 145 145 145 140 132 124 120 115 116 117 124 130 130 126 127 127 128 130 134 135 139 143 148 163 169 174 178 178 176 177 176 171 170 169 168 164 158 150 147 128 128 136 147 146 138 137 139 141 142 149
109 112 120 126 132 133 132 132 138 141 147 148 150 155 157 156 155 150 145 139 125 115 112 120 130 133 132 130 121 112 119 133 143 146 147 145 144 152 158 161 164 164 162 157 151 144 138 137 138 134 130 123 115 114 113 118 129 137 140 137 134 134 134 134 138 142 142 144 156 161 170 170 174 177 174 172 171 169 170 166 161 156 151 142 131 127 133 144 153 152 147 146 151 154 153 151
111 116 125 136 139 139 138 138 140 143 148 149 153 158 158 158 154 152 145 130 124 115 109 113 122 125 123 120 115 109 116 128 136 143 147 148 150 155 159 162 165 166 165 159 154 146 138 132 129 126 125 113 112 113 115 123 134 141 144 144 142 142 141 139 142 147 150 152 154 160 167 171 170 171 174 169 171 174 170 167 163 157 149 133 129 128 135 145 151 156 156 155 158 165 164 162
113 119 133 138 141 142 143 146 147 148 149 152 156 157 160 161 158 155 138 129 121 115 108 108 112 114 109 109 109 108 112 119 126 133 143 147 151 157 161 164 167 167 166 159 153 148 142 134 126 121 115 112 111 112 118 128 136 143 149 151 150 149 148 146 149 152 157 157 159 163 166 170 171 167 170 167 168 172 168 166 165 160 142 134 127 126 133 142 150 155 161 166 171 178 179 176
114 127 134 139 143 144 147 150 150 152 150 154 156 158 159 160 160 150 140 131 124 117 112 108 106 107 106 107 108 111 115 120 127 139 141 145 151 158 162 164 166 164 161 155 150 144 139 135 126 111 111 108 109 115 122 131 137 145 151 154 155 156 155 157 160 157 162 163 162 166 163 167 169 167 165 163 162 164 164 159 157 146 140 130 125 124 129 137 147 155 163 170 176 183 187 185
122 127 133 137 144 144 147 149 151 153 151 153 155 158 157 158 156 151 144 137 131 126 119 111 104 100 104 108 114 118 125 130 138 142 146 150 155 159 160 162 162 161 155 151 147 139 132 128 114 107 109 111 114 122 128 133 139 144 148 153 157 160 160 162 163 164 167 168 165 168 164 167 167 164 160 156 157 157 157 151 146 139 130 123 121 120 123 129 139 147 156 167 174 179 183 183
122 125 130 137 143 146 147 149 150 151 150 149 151 152 152 155 153 151 145 141 138 132 125 117 109 101 102 111 120 126 132 143 144 149 152 157 158 159 158 159 158 157 153 146 142 134 128 116 112 107 110 115 120 125 129 134 139 141 145 153 158 162 165 169 168 168 169 169 170 168 167 168 165 162 155 148 148 148 146 140 135 126 119 119 120 121 122 125 134 141 148 160 167 170 173 174
