task1/OpenGLMFC/data/test.asc
ncols         837
nrows         661
xllcorner     969491.275
yllcorner     6196099.341
cellsize      81.993426195884
nodata_value  -9999.0
[rows 215 to 257 of 661, columns 480 to 575 of 837]
647 664 682 691 693 700 717 726 737 745 751 756 759 757 758 754 748 741 729 720 709 698 689 694 690 681 672 654 642 637 632 624 618 614 609 601 602 603 604 594 578 560 556 563 579 578 574 565 546 528 519 513 512 519 525 526 526 527 528 525 521 490 480 465 450 443 444 444 445 451 459 467 477 488 499 505 489 475 451 445 439 438 441 450 458 464 461 449 440 450 454 446 435 433 425 421
631 642 659 662 664 675 696 712 719 751 755 761 763 763 760 752 745 732 715 709 698 682 666 678 688 690 677 672 665 658 653 646 639 636 629 628 629 625 619 603 588 569 553 549 552 550 548 545 536 521 518 518 518 528 533 532 524 517 509 502 479 464 456 446 438 437 441 443 445 455 464 475 482 488 492 486 472 457 450 446 439 437 439 446 456 459 457 446 433 439 443 435 430 422 422 421
631 625 628 631 642 654 669 688 722 747 758 762 757 758 756 744 734 722 699 680 663 646 624 634 652 666 664 661 662 658 657 657 659 656 649 647 641 629 611 595 582 566 543 536 535 530 527 524 522 521 523 527 528 535 540 530 518 508 494 471 465 458 453 449 444 437 442 446 453 468 483 493 500 501 498 486 467 461 456 452 439 432 437 442 451 451 447 438 427 431 433 430 426 418 416 415
638 628 614 620 641 651 660 697 715 730 744 746 740 737 741 728 717 718 704 672 642 619 594 591 629 633 633 635 634 635 637 638 648 647 644 639 628 612 593 579 568 549 547 542 540 536 531 527 525 526 529 534 539 543 547 540 529 520 496 485 480 478 472 467 455 440 435 439 447 463 480 490 497 501 496 475 467 459 455 448 434 427 432 437 442 438 434 427 420 420 422 422 418 415 413 411
645 625 599 610 639 663 688 694 695 701 720 722 718 713 716 708 695 700 697 680 654 629 603 573 602 601 588 592 597 603 606 612 623 623 623 618 607 593 581 568 551 551 555 553 551 546 541 534 533 533 536 541 550 555 551 545 536 516 509 497 489 490 488 478 464 453 441 435 434 446 464 473 477 480 468 462 456 449 444 437 429 425 426 429 428 427 423 417 413 412 413 410 410 410 410 406
650 643 614 604 638 673 679 670 665 674 697 701 692 688 691 688 673 669 664 655 652 635 578 554 562 563 546 542 555 571 577 588 599 605 603 596 594 585 571 555 557 561 563 563 561 556 549 539 541 544 546 551 560 561 547 530 504 491 492 486 476 477 481 475 467 459 451 437 429 438 451 456 459 456 452 450 445 440 436 432 427 422 419 421 421 417 415 412 410 407 406 405 404 405 405 402
651 643 615 594 643 644 644 632 632 640 663 672 662 655 664 669 656 638 626 617 616 584 558 536 528 527 518 513 523 542 546 553 569 588 585 579 583 575 561 558 562 566 569 569 566 563 556 547 546 551 553 556 562 553 535 506 494 480 478 476 468 462 462 461 460 457 452 441 431 434 439 441 444 446 444 441 435 428 424 421 420 417 416 417 415 413 412 410 408 405 405 406 405 403 403 401
651 636 610 590 602 604 598 593 592 592 613 630 627 618 630 638 632 614 598 579 562 545 530 522 520 518 518 517 514 518 517 517 540 556 558 566 578 570 568 567 568 565 563 562 559 561 561 556 551 546 545 548 544 534 503 489 479 473 466 463 461 457 451 449 452 454 448 441 433 429 429 430 433 436 435 433 426 420 417 416 415 415 412 411 411 410 409 408 406 405 406 405 405 404 404 402
654 639 611 596 583 579 573 573 567 567 578 585 578 571 587 599 583 568 559 539 531 524 518 524 533 533 537 536 521 513 510 504 515 526 542 563 572 579 576 568 562 556 551 546 547 552 555 555 553 536 524 529 520 492 485 474 468 462 456 453 451 448 445 442 444 445 441 436 432 430 424 424 427 427 428 426 422 419 416 415 414 413 411 411 410 409 408 408 406 407 406 404 404 405 404 406
666 650 641 623 602 596 598 598 587 582 569 562 560 557 556 562 551 545 539 535 535 535 534 544 558 556 557 552 541 527 513 504 510 520 533 552 572 588 584 568 555 545 539 537 540 545 539 541 546 528 512 512 497 482 476 472 466 459 455 452 448 445 444 439 438 435 433 433 432 429 425 424 423 422 422 422 420 418 415 414 413 412 412 412 411 410 409 409 408 408 407 406 407 407 406 407
684 679 666 648 637 634 627 622 619 613 595 571 567 569 563 558 564 569 573 572 576 576 576 581 590 588 582 573 563 547 520 513 535 543 554 563 576 588 585 571 558 544 533 533 538 537 526 524 529 521 507 498 496 487 482 479 473 465 461 458 455 451 449 443 442 438 437 440 438 437 435 432 427 423 420 419 417 416 416 416 415 415 415 413 412 412 413 412 411 410 409 410 409 410 410 411
700 704 697 680 676 670 658 648 649 640 622 598 604 611 605 595 610 609 617 622 627 626 622 622 620 613 601 589 571 536 505 514 546 566 572 579 585 584 578 568 557 544 530 522 530 527 516 509 509 504 490 486 489 487 487 483 479 472 468 466 463 459 456 452 450 448 447 445 444 445 443 440 434 428 421 417 418 418 420 422 421 421 420 417 413 416 417 418 419 417 416 417 417 415 415 414
702 706 705 701 697 694 686 673 664 651 635 633 649 657 647 639 647 640 647 646 649 644 630 627 618 601 587 564 538 510 495 500 524 548 563 570 574 568 565 560 549 536 521 511 510 512 513 509 506 494 488 484 483 485 485 484 480 476 473 470 467 462 459 457 457 457 456 457 455 453 450 444 438 427 421 420 425 426 427 430 430 430 428 423 419 421 423 425 426 426 426 425 423 421 419 418
700 701 705 708 700 687 682 672 663 653 648 663 678 683 653 659 669 664 668 664 646 625 603 592 586 570 549 526 514 510 507 486 490 508 530 537 533 532 536 544 544 538 524 507 495 487 490 501 496 494 487 481 472 471 472 472 468 467 468 466 460 456 454 457 457 462 456 454 449 444 441 437 431 424 424 428 433 438 442 445 444 444 435 431 430 425 428 438 441 441 441 436 430 426 424 423
710 710 709 712 706 693 682 676 674 665 660 676 684 692 668 675 683 680 674 656 629 600 573 557 552 539 526 523 526 525 501 489 483 482 497 502 496 496 500 507 521 524 518 505 488 472 465 472 474 474 470 464 455 451 451 452 449 447 451 455 448 444 442 440 441 443 440 436 436 431 430 429 426 424 428 434 438 447 457 461 459 451 442 434 430 425 429 440 448 451 450 446 439 434 431 427
718 720 715 718 719 711 699 693 691 677 665 677 684 696 683 687 691 676 657 632 613 587 562 553 549 539 533 545 543 514 499 489 482 478 481 475 471 477 477 479 489 496 497 491 476 463 453 454 454 453 452 451 447 446 446 449 446 443 442 444 442 438 434 431 434 431 430 429 430 432 432 432 430 427 429 434 440 447 455 461 460 452 445 435 431 428 430 435 442 449 452 453 448 443 437 430
719 724 723 727 727 718 707 700 692 680 678 686 706 708 699 697 696 686 671 649 625 607 597 586 577 558 547 560 528 512 499 488 480 476 474 471 469 473 472 470 470 475 482 477 464 455 457 457 454 453 453 452 450 451 452 455 452 446 441 438 439 435 434 435 438 432 431 431 433 438 439 437 435 432 430 433 438 444 448 456 455 451 445 439 434 430 431 432 436 443 452 455 453 448 441 434
713 723 730 735 733 723 711 706 702 698 693 705 717 718 709 694 684 672 657 644 626 616 612 600 585 566 557 565 544 519 503 490 481 474 474 472 477 483 478 471 466 467 474 469 458 460 465 465 463 460 459 456 458 456 455 455 453 452 446 438 436 434 435 436 437 435 434 435 439 443 444 442 439 438 436 433 435 438 448 452 451 449 445 441 435 430 433 432 435 441 448 450 451 447 444 438
710 720 732 741 742 734 727 726 723 718 698 710 722 724 717 694 672 651 635 628 615 603 595 586 577 573 575 566 541 518 507 498 491 489 487 484 488 493 485 472 468 466 466 461 460 466 475 476 475 474 471 467 462 458 456 459 459 455 451 445 440 436 438 437 437 438 438 440 443 450 451 451 446 442 443 437 439 441 445 450 452 449 446 442 437 435 437 435 436 439 443 448 450 451 447 444
716 720 731 742 747 746 744 743 741 723 707 711 720 712 699 681 661 646 639 641 629 610 606 602 604 600 578 556 539 536 525 516 513 513 505 496 501 503 492 474 468 468 465 461 467 477 485 488 488 486 482 477 468 461 460 466 468 466 461 455 451 446 443 442 442 446 444 444 447 453 456 456 451 449 450 444 447 449 450 452 454 453 449 444 441 442 441 439 440 440 443 449 452 456 450 448
722 722 728 739 747 752 754 754 745 733 715 712 717 703 685 674 663 658 656 660 655 639 637 629 631 602 590 568 554 560 547 542 538 529 514 508 514 508 493 478 474 477 471 467 473 482 493 501 503 498 492 485 474 465 464 471 476 479 472 467 461 453 447 447 449 449 450 449 451 457 459 456 451 449 452 451 454 455 457 457 458 458 454 449 447 447 445 442 444 444 445 450 460 461 459 457
726 727 729 736 745 754 756 757 750 739 722 718 722 713 700 689 682 681 675 674 674 668 662 657 634 611 593 583 587 589 577 570 557 538 529 529 529 513 493 479 492 487 478 473 478 484 494 506 512 508 500 488 477 468 466 472 480 483 477 470 463 452 451 456 457 457 455 451 456 459 461 458 452 447 452 456 460 462 463 464 465 462 458 452 453 452 450 446 449 448 445 456 463 466 469 467
729 731 731 737 741 749 753 754 749 740 728 728 731 730 724 711 700 705 695 689 697 690 679 646 627 613 610 610 613 609 600 590 572 552 550 547 538 520 501 490 503 496 484 479 484 491 498 503 510 511 501 487 479 473 468 472 486 484 478 472 465 458 459 464 466 466 463 457 461 464 464 461 454 450 456 460 466 469 471 473 473 468 463 458 458 457 455 451 452 452 450 452 459 466 471 471
731 733 736 738 740 747 749 749 747 740 734 737 739 741 740 733 726 726 715 710 715 707 669 652 640 635 637 633 625 614 603 592 580 566 553 540 530 513 493 507 513 500 486 486 494 500 505 508 513 511 501 490 486 483 475 481 486 489 485 479 470 463 464 470 473 472 470 465 464 469 468 464 451 454 459 464 471 473 476 480 480 474 468 464 463 463 460 457 454 456 456 453 456 460 467 470
737 736 739 741 746 748 750 750 747 743 741 744 745 747 747 744 740 736 730 725 721 700 691 681 673 666 658 645 629 611 595 580 571 562 547 526 517 510 526 533 522 500 489 494 507 513 518 522 523 518 508 499 497 494 481 480 486 494 492 486 476 466 464 475 479 479 476 472 469 472 472 458 453 457 463 469 472 476 482 487 487 481 474 472 471 469 463 460 459 463 463 462 461 458 463 469
742 743 743 749 753 753 753 754 750 750 747 747 747 747 747 748 746 742 737 734 717 708 706 703 695 682 668 653 632 609 587 566 555 552 548 549 551 550 545 542 526 501 500 510 523 530 534 539 536 531 522 513 512 496 486 483 493 502 501 494 483 471 470 481 486 487 485 479 477 479 467 459 455 459 464 468 472 478 484 487 487 486 482 479 477 473 467 460 465 469 471 469 465 464 463 468
749 751 752 754 757 756 756 756 754 751 750 747 745 744 743 744 743 742 737 728 721 710 703 700 692 682 667 650 633 609 580 566 569 576 578 582 576 562 545 532 518 506 513 528 541 549 552 557 558 555 543 536 514 491 490 496 508 511 511 502 490 478 480 488 493 495 492 488 485 478 469 463 461 462 466 470 474 478 484 488 490 492 489 485 481 476 464 466 473 479 481 478 475 471 467 470
757 756 757 761 760 758 758 758 755 751 749 744 741 737 735 735 733 732 721 714 710 702 692 683 675 667 653 643 631 611 595 591 593 598 602 597 586 571 551 528 518 522 531 547 558 567 572 577 580 579 572 551 516 492 505 518 525 526 520 511 499 488 491 498 504 505 502 497 490 479 470 466 466 466 467 475 479 484 488 493 497 499 496 494 487 471 468 475 484 493 493 492 487 480 475 475
764 763 764 767 767 764 761 758 753 748 742 736 730 725 723 722 718 711 701 693 687 682 675 665 655 649 639 632 622 613 613 615 614 615 614 608 594 578 557 539 535 545 560 569 573 582 586 589 593 591 570 554 525 501 515 533 540 540 533 524 512 500 504 512 518 521 519 507 498 483 473 471 474 473 470 478 488 492 497 501 505 508 505 502 486 477 472 481 494 503 505 502 496 492 488 486
778 774 774 772 771 767 764 761 754 748 742 736 731 725 719 716 705 701 691 686 681 674 669 666 661 660 652 645 636 632 633 631 628 628 619 606 592 579 565 556 552 563 577 580 583 590 594 600 608 605 577 546 521 514 528 542 550 552 549 537 523 515 518 526 534 537 527 516 503 489 476 478 481 479 475 483 497 503 510 515 520 522 519 503 493 482 478 488 501 510 514 510 505 500 498 500
808 799 796 792 785 779 775 769 762 755 748 742 741 737 729 719 711 706 702 696 695 690 687 682 678 677 671 663 651 646 645 643 640 631 616 600 590 585 586 577 571 573 580 588 594 598 599 601 600 577 556 532 524 532 547 556 560 563 558 544 530 532 538 545 555 548 534 518 503 491 482 487 491 489 481 493 508 522 534 540 542 539 524 515 504 492 487 499 514 525 526 522 517 514 513 514
825 819 814 810 805 798 793 787 776 768 762 756 753 750 738 733 725 719 713 711 711 708 706 699 695 698 694 686 677 667 660 658 651 638 623 615 608 604 602 597 593 592 593 598 605 607 603 600 573 557 539 538 548 552 560 570 573 572 563 550 539 546 557 569 579 563 543 522 505 492 494 502 505 496 491 507 527 546 562 566 562 546 538 530 519 501 496 511 528 540 539 535 532 530 535 537
843 838 835 837 839 834 830 823 805 795 789 784 777 770 762 758 749 743 739 736 737 735 733 727 727 730 723 715 707 694 684 677 667 653 648 641 633 633 628 622 619 620 618 618 621 619 613 595 582 567 554 564 571 570 570 576 579 580 575 566 558 562 572 586 579 566 545 523 504 498 506 518 515 500 502 520 542 559 569 576 573 570 556 545 530 506 503 520 536 548 550 550 551 548 554 560
874 872 871 876 879 875 873 865 850 838 831 822 816 813 808 803 798 784 778 774 772 772 767 759 756 757 750 741 726 708 707 701 689 679 678 673 668 665 661 656 650 652 646 639 637 633 616 606 595 582 571 577 583 584 586 585 589 589 587 579 573 573 580 577 569 557 537 517 505 510 519 529 523 509 509 525 545 563 576 591 592 585 567 554 534 510 507 523 537 547 556 562 568 570 569 569
922 919 920 918 916 911 908 901 893 889 884 870 868 865 859 852 841 827 818 812 808 806 800 791 783 778 774 762 731 728 724 716 710 704 704 699 694 689 687 679 671 668 664 655 652 643 631 618 600 582 579 587 592 601 602 598 597 599 596 588 581 568 564 557 551 541 527 518 519 524 535 544 542 530 516 523 543 566 599 610 615 604 584 558 531 512 510 519 527 538 556 571 581 582 581 578
986 982 978 970 965 961 954 948 937 934 917 912 908 900 895 888 875 867 858 852 843 836 830 826 821 814 804 773 759 752 746 737 732 727 724 720 713 710 707 699 689 682 679 675 670 663 653 638 613 594 601 609 613 622 620 615 613 613 608 599 589 574 567 554 548 543 536 542 547 544 554 567 572 568 547 548 565 603 621 633 643 629 597 559 533 527 531 532 527 534 560 586 599 602 608 605
1056 1052 1043 1035 1034 1023 1016 1003 992 968 958 956 950 947 942 939 930 921 907 900 888 881 875 873 870 865 832 814 797 789 776 766 763 758 751 749 745 741 737 731 723 718 716 712 708 700 687 666 636 620 634 648 652 655 656 652 647 644 637 625 615 605 602 590 585 586 581 586 588 588 595 608 612 608 595 596 614 629 648 666 673 651 610 575 564 572 582 580 568 561 567 594 616 629 638 635
1098 1094 1093 1092 1090 1086 1077 1068 1049 1042 1034 1030 1021 1019 1013 1010 1006 991 975 960 949 948 943 934 935 917 891 871 851 834 823 820 811 804 798 794 788 784 779 773 768 765 766 761 757 747 736 714 680 668 689 703 704 699 697 689 681 674 666 649 640 636 634 635 633 633 627 631 629 627 629 634 635 632 626 626 631 644 665 683 682 659 629 611 614 620 628 627 621 617 612 610 630 638 642 637
1099 1097 1096 1097 1096 1093 1089 1080 1075 1072 1070 1067 1063 1061 1059 1054 1051 1039 1032 1020 1008 1005 998 991 984 976 963 938 917 896 884 875 862 850 847 843 834 829 820 813 802 791 787 777 767 755 745 734 716 712 722 726 724 719 714 703 697 689 671 660 656 654 649 648 650 652 653 659 656 653 651 654 657 655 637 639 644 651 667 676 672 658 640 635 636 642 644 643 637 636 633 627 632 639 638 632
1103 1096 1092 1090 1087 1085 1077 1074 1072 1069 1067 1063 1060 1059 1057 1051 1047 1042 1040 1037 1031 1028 1023 1007 1004 998 993 981 968 949 933 914 902 887 877 872 864 858 847 834 806 793 782 771 757 747 739 734 731 730 731 729 728 726 721 713 711 702 690 681 679 677 673 673 672 670 668 673 673 670 667 675 677 652 644 653 662 667 676 683 680 668 657 656 660 664 666 658 647 645 638 639 641 644 645 640
1122 1111 1102 1094 1091 1082 1080 1078 1076 1076 1075 1070 1063 1062 1057 1048 1040 1035 1032 1027 1021 1017 1004 996 992 989 982 976 969 956 943 929 918 906 889 873 862 854 844 818 801 785 775 768 762 754 749 745 745 749 751 751 753 751 747 743 743 738 727 718 714 710 705 700 698 696 694 697 694 690 691 694 675 662 656 668 679 688 698 708 704 689 678 676 684 693 692 676 662 659 652 651 653 653 661 655
1147 1135 1126 1117 1105 1102 1102 1101 1094 1090 1088 1084 1078 1073 1067 1063 1053 1045 1037 1028 1020 1011 1007 997 989 983 974 965 956 946 936 927 916 905 889 873 863 854 842 831 814 808 801 797 794 790 784 777 775 777 780 782 783 780 776 772 763 757 748 744 742 737 733 727 724 724 722 722 716 713 710 698 692 683 678 693 702 703 709 711 709 702 696 696 701 704 701 689 678 677 671 666 664 665 676 673
1161 1151 1145 1133 1128 1127 1122 1120 1109 1099 1097 1093 1090 1086 1080 1076 1073 1069 1065 1058 1047 1043 1037 1028 1012 1000 986 976 967 956 943 931 918 906 891 877 868 851 844 837 832 830 824 820 817 815 810 806 801 795 796 798 796 791 782 775 773 772 767 762 760 751 748 744 740 738 739 736 731 729 715 711 707 696 691 704 710 713 717 716 713 711 707 705 708 709 706 697 694 687 686 680 680 682 686 689
