task1/OpenGLMFC/data/test.asc
ncols         837
nrows         661
xllcorner     969491.275
yllcorner     6196099.341
cellsize      81.993426195884
nodata_value  -9999.0
[rows 86 to 128 of 661, columns 288 to 383 of 837]
496 502 480 464 486 475 449 426 442 498 515 500 470 448 455 455 432 410 383 356 322 329 333 335 341 342 349 354 361 362 362 365 371 384 388 387 389 435 461 468 468 460 451 453 444 435 446 450 455 467 498 517 502 492 494 500 510 521 525 514 514 533 552 561 557 551 549 560 591 623 635 618 631 637 628 617 612 619 633 641 645 659 671 680 687 704 711 687 662 666 680 699 696 678 667 653
514 518 494 485 500 502 479 448 454 495 514 502 484 471 470 464 446 424 390 326 327 336 341 352 364 355 355 370 383 386 394 391 381 381 393 404 411 438 453 460 477 490 490 495 482 464 475 481 478 498 534 550 545 522 508 510 504 507 513 513 521 538 567 585 591 587 575 574 596 627 645 639 652 666 654 638 630 631 645 653 653 670 687 704 720 728 721 667 649 658 682 694 683 655 643 640
538 526 514 511 522 523 500 464 461 488 501 494 482 471 455 439 422 400 331 323 334 345 355 379 399 389 387 411 424 433 449 446 419 411 436 434 421 432 432 430 461 502 519 528 527 509 519 530 517 534 570 587 584 561 543 540 523 524 529 531 537 538 557 585 608 611 606 603 608 652 664 666 670 676 669 660 651 648 660 671 666 672 699 720 740 734 680 658 640 653 681 696 686 659 638 632
561 550 540 533 528 516 492 469 467 481 493 497 489 476 454 429 397 338 322 329 338 351 366 394 426 429 423 449 475 492 492 473 443 440 507 482 457 458 455 437 451 488 524 546 553 554 559 565 558 565 588 614 609 593 578 566 547 555 563 561 559 550 547 571 598 615 625 631 650 663 669 671 677 678 677 675 673 672 680 693 694 690 716 737 742 689 664 643 628 642 661 666 662 650 633 627
576 566 551 536 520 503 484 475 476 483 497 514 511 497 474 441 350 326 323 331 341 359 389 419 455 466 457 467 501 529 524 486 454 512 541 533 515 512 497 466 454 468 501 531 552 571 584 586 583 587 596 599 602 596 584 573 560 567 577 577 571 561 551 555 574 597 614 634 639 639 638 642 650 658 669 681 689 694 700 712 716 716 728 747 701 678 655 632 619 623 624 623 624 624 621 622
560 555 551 542 526 505 487 481 486 493 508 525 520 499 471 387 350 330 326 333 348 363 394 430 465 482 481 479 503 534 534 502 475 510 536 553 557 553 530 511 489 472 483 509 535 560 565 565 565 564 567 576 588 588 582 578 576 578 583 578 572 569 567 560 560 572 594 601 609 616 630 641 649 658 671 685 691 691 693 701 705 710 718 716 696 676 654 635 621 610 604 606 611 614 618 627
551 537 533 541 529 505 489 487 496 509 525 526 510 481 422 384 355 335 325 337 359 390 410 439 473 508 511 503 513 534 534 495 489 510 524 545 567 569 556 541 512 483 475 487 511 530 531 535 546 551 562 579 593 602 604 603 603 605 610 605 600 595 591 577 565 570 578 588 601 617 639 654 662 670 677 678 674 665 659 668 676 681 707 701 679 670 664 651 632 609 600 612 624 628 627 634
546 528 514 529 525 506 497 503 513 535 550 534 505 443 418 388 360 340 328 333 364 401 427 459 494 525 532 532 539 553 545 516 506 538 557 569 569 558 546 528 506 491 488 486 493 503 513 538 549 564 576 591 601 610 617 619 619 622 624 622 617 606 595 582 578 579 581 591 604 616 628 638 645 656 664 658 651 644 637 640 648 674 692 684 656 652 663 657 630 603 598 617 638 646 643 644
534 519 504 512 519 513 508 519 531 553 560 533 467 436 412 392 377 365 343 330 348 383 421 457 489 511 526 540 547 573 559 535 519 537 568 587 576 562 544 525 514 516 513 512 509 507 523 528 539 554 566 580 588 595 603 602 601 608 615 621 614 604 592 575 584 591 589 590 597 605 612 621 635 655 670 661 642 633 627 625 646 662 671 666 639 627 641 647 626 597 593 609 634 651 661 665
509 497 482 483 494 501 496 509 523 544 548 502 483 481 466 445 425 396 365 341 331 356 391 420 445 485 507 516 536 560 563 554 540 534 548 575 587 581 562 545 543 548 539 540 538 518 523 528 530 533 543 553 563 569 575 575 581 591 602 607 607 604 587 583 588 595 597 592 594 601 609 622 640 654 659 652 638 627 620 625 638 646 643 636 618 604 612 623 616 595 585 596 613 631 650 660
471 460 449 450 462 469 479 513 536 558 543 520 515 528 517 494 463 416 379 350 331 334 355 383 409 450 471 473 495 524 540 558 555 548 547 561 584 594 587 578 575 575 568 567 541 539 552 563 556 544 547 557 564 568 571 572 575 582 590 593 600 603 598 596 597 600 606 605 604 604 608 615 626 638 647 643 632 622 612 623 631 640 632 624 609 598 595 595 590 582 578 583 594 607 621 662
434 431 435 447 451 460 497 537 557 571 561 545 541 534 516 492 459 416 377 353 341 330 336 358 387 411 419 426 452 482 507 546 568 577 576 576 583 592 597 600 598 597 596 584 564 565 579 586 578 563 564 581 589 590 588 584 580 583 589 593 605 611 614 615 614 610 614 617 617 616 619 625 632 648 661 653 638 608 610 624 635 649 650 639 620 605 594 585 575 572 584 597 610 615 627 647
431 437 462 486 484 483 506 533 566 577 569 554 537 512 491 473 442 406 372 365 356 342 332 337 358 367 380 390 413 447 481 515 553 579 581 580 576 574 581 594 596 596 594 587 579 582 587 587 579 570 567 576 587 595 600 595 588 590 598 608 615 621 628 635 631 622 622 627 627 630 632 639 645 652 654 642 629 600 605 621 637 654 665 648 625 607 593 582 571 570 584 600 611 613 623 638
472 477 500 527 526 520 518 549 564 565 554 534 510 486 463 451 433 406 380 370 353 345 339 332 334 345 374 389 402 420 448 476 521 548 548 547 541 542 556 570 570 565 572 572 567 577 587 594 593 589 583 580 594 605 615 610 601 601 608 624 631 640 646 652 650 640 629 626 625 624 627 639 645 639 631 620 601 591 598 613 627 645 660 652 632 615 602 584 565 565 574 583 592 603 621 635
504 516 531 548 548 543 537 552 558 540 518 497 479 462 442 428 423 417 408 382 362 372 370 354 333 336 355 372 381 392 411 449 493 512 514 515 505 511 526 531 527 525 533 533 534 550 561 566 571 579 584 587 601 612 622 623 616 615 625 632 637 640 641 638 637 633 624 613 608 608 616 626 627 622 618 603 594 585 589 602 615 633 658 672 663 640 613 581 561 573 580 581 591 604 623 619
492 509 529 538 537 535 539 546 548 530 503 479 460 452 452 456 454 447 427 394 377 386 378 347 338 333 332 341 353 367 387 430 464 475 480 483 473 466 475 480 468 475 484 489 496 500 501 507 515 533 554 574 588 599 609 618 620 626 627 625 620 619 619 613 609 609 607 598 592 592 601 605 603 606 601 592 583 578 585 592 598 615 634 651 655 635 609 575 560 574 591 595 595 601 605 592
477 494 507 511 513 515 528 546 551 539 523 504 488 479 469 465 451 435 412 398 392 386 353 344 340 335 330 334 346 357 377 410 432 444 438 444 445 433 421 420 415 427 436 442 448 445 448 464 486 512 546 580 605 619 625 630 631 633 632 628 616 607 602 596 589 588 588 585 580 580 584 587 593 604 597 588 579 573 578 586 593 604 618 634 633 615 593 568 554 557 585 585 585 585 586 578
468 487 486 487 495 505 518 536 556 555 535 513 489 470 455 441 427 417 414 424 430 385 354 344 347 346 339 333 341 354 377 395 399 404 395 402 405 402 376 378 373 386 394 400 401 406 427 455 490 528 567 598 622 639 646 643 642 637 634 624 611 599 586 586 580 572 568 567 565 571 581 585 599 600 595 582 570 564 578 595 604 608 614 616 604 587 572 560 546 540 545 550 558 564 574 570
448 461 462 470 484 508 524 537 541 534 519 498 474 452 442 441 443 448 455 463 445 408 363 359 367 368 356 336 337 344 357 366 363 365 356 360 363 353 347 348 344 351 358 368 371 381 412 452 490 522 557 585 606 621 627 623 621 617 609 598 583 575 567 568 567 556 548 547 551 562 576 571 569 567 570 560 552 556 569 580 585 589 595 590 576 561 555 548 526 525 530 537 545 560 565 558
434 444 455 457 470 494 514 517 511 504 495 481 470 458 458 472 483 487 486 456 428 400 367 376 392 385 365 345 335 335 339 342 338 340 338 338 341 343 341 346 348 348 343 345 354 370 396 432 463 492 527 556 573 593 593 588 585 581 575 572 558 547 546 543 549 543 535 534 544 556 559 547 539 540 545 548 542 548 555 560 561 568 575 570 559 550 544 527 517 529 541 549 545 549 553 553
445 475 479 477 472 478 489 492 494 501 509 508 505 498 496 496 489 481 452 429 401 382 375 386 392 378 360 348 346 341 337 338 344 348 352 364 376 377 379 386 393 389 361 340 350 377 405 424 437 465 496 526 561 568 569 562 556 552 552 551 552 543 534 528 532 528 525 532 547 563 554 538 520 516 521 534 533 540 550 561 564 570 578 571 565 557 537 526 513 521 538 551 562 568 568 573
499 507 506 500 486 479 482 486 490 500 518 532 542 540 531 512 486 452 426 409 403 402 403 418 422 405 373 357 370 371 348 347 370 390 400 416 439 438 440 443 444 431 389 351 346 361 384 396 416 460 493 533 542 545 547 539 533 525 528 530 546 547 535 521 510 507 516 540 550 542 527 514 506 503 514 522 530 544 565 582 587 587 598 603 604 576 553 525 511 529 557 577 588 588 588 594
513 527 519 506 491 486 489 494 498 501 509 523 544 553 548 532 492 469 437 425 443 450 446 464 466 434 389 366 392 403 364 355 383 449 454 466 487 488 483 488 486 461 401 370 347 345 357 373 409 452 496 508 509 515 515 507 500 492 493 508 528 527 515 498 483 491 512 540 524 510 494 491 495 508 530 542 557 578 600 613 620 622 631 643 637 612 578 542 518 529 562 584 586 578 581 582
514 525 518 506 495 495 497 503 513 518 523 524 532 544 546 506 479 459 438 434 457 479 485 487 465 429 393 374 402 412 375 357 429 486 510 517 529 530 527 530 522 489 441 387 354 341 346 363 392 441 460 467 474 484 483 473 463 463 461 465 487 488 474 457 462 489 513 518 503 484 469 486 512 533 560 584 600 618 629 636 639 646 654 659 645 622 595 555 518 520 553 562 553 540 542 537
521 523 522 510 505 506 507 510 523 538 545 537 534 538 507 484 469 452 442 441 457 476 487 481 450 419 395 387 412 409 379 381 426 482 530 552 560 561 557 545 518 481 442 395 367 351 345 351 374 399 419 428 449 459 462 452 440 432 423 421 453 459 435 435 460 460 465 487 480 455 453 490 529 551 574 594 605 607 612 619 622 628 640 646 637 620 591 552 507 507 530 523 515 510 512 513
524 536 538 526 526 525 528 524 531 552 556 547 546 534 509 482 477 474 462 453 460 470 482 481 461 435 410 408 433 426 377 384 418 461 510 543 558 569 563 543 512 474 440 407 376 359 351 344 347 362 382 388 416 437 445 443 421 387 379 392 429 434 413 433 432 408 415 447 449 427 444 477 500 521 540 557 568 568 577 589 592 599 606 619 622 604 578 542 504 492 495 489 497 514 532 547
498 528 539 542 549 552 553 550 552 564 565 565 560 540 514 505 513 507 480 466 475 486 501 503 488 465 437 434 462 449 404 400 433 458 483 513 535 553 545 522 498 474 447 416 386 373 359 353 348 348 356 357 378 398 416 423 396 367 366 375 401 398 394 423 402 387 393 417 425 411 425 442 455 472 494 522 535 527 547 562 555 569 585 606 618 598 575 538 505 482 478 492 515 546 576 592
453 479 502 526 541 545 545 549 549 549 549 565 555 538 521 522 537 520 489 479 492 506 522 526 516 494 465 459 510 488 441 412 431 457 484 497 509 523 510 487 469 455 437 416 406 394 377 369 356 348 349 351 355 365 372 380 369 365 375 372 380 375 393 389 388 393 394 402 408 398 404 412 425 447 471 501 510 493 513 516 531 559 579 603 618 603 577 537 496 475 483 522 556 580 603 617
426 437 456 482 503 510 512 523 522 516 540 543 535 539 541 540 542 522 498 497 507 516 527 539 532 509 490 500 519 501 457 422 433 453 477 483 488 499 492 468 453 441 433 428 416 404 387 377 365 354 352 368 375 377 375 377 382 394 399 384 376 379 384 381 390 394 391 391 392 392 395 409 432 446 454 465 476 468 489 498 523 543 558 577 589 583 561 526 489 464 476 520 569 601 610 590
427 428 432 451 468 474 478 484 487 495 510 508 509 535 557 557 546 526 505 514 523 534 539 544 536 521 494 508 515 495 460 430 441 456 464 468 476 491 504 488 469 456 448 435 419 406 396 390 377 362 355 378 401 412 412 408 419 432 431 414 385 377 378 391 402 403 407 401 399 399 397 404 417 421 424 426 434 460 464 484 503 507 516 527 533 534 520 502 482 463 473 519 564 581 575 582
439 433 429 437 447 455 459 459 466 473 480 483 498 525 542 545 539 528 514 519 533 551 562 558 554 543 518 516 509 487 464 440 447 469 473 473 478 494 516 521 500 473 456 436 432 425 415 405 391 365 357 386 415 441 452 447 458 466 461 446 405 391 393 411 425 421 417 412 407 402 398 399 404 409 411 413 423 434 446 464 472 476 478 484 497 502 488 474 465 459 477 513 542 558 574 601
456 443 433 432 435 439 445 450 461 460 467 479 500 514 511 513 524 540 538 546 563 578 579 571 563 537 528 523 509 483 463 441 446 474 490 493 497 505 516 531 535 521 493 474 472 464 446 423 397 370 366 386 411 452 481 486 492 494 479 435 410 403 409 420 431 435 430 430 421 410 398 398 418 435 440 443 426 416 438 459 456 447 440 456 498 512 493 475 462 461 484 510 534 583 610 634
453 442 433 432 435 434 436 450 448 453 467 480 493 496 489 491 514 541 553 569 587 590 583 569 546 539 534 528 504 475 457 450 455 469 488 503 515 530 544 554 559 542 524 503 488 467 442 419 390 371 372 377 402 450 487 496 485 472 441 429 421 419 426 444 455 459 461 464 457 451 434 419 445 471 485 477 446 419 433 447 434 423 422 446 497 509 479 461 456 452 476 508 591 619 640 652
447 442 439 437 443 444 443 444 444 445 456 474 485 481 479 489 503 518 530 551 573 577 575 557 549 542 533 517 490 465 464 483 484 475 475 493 511 528 553 566 564 552 530 503 469 437 409 391 376 368 368 373 401 446 475 473 463 449 452 452 453 447 447 473 500 510 510 510 503 498 479 453 463 491 501 477 447 422 421 427 422 421 421 444 486 487 454 456 465 472 491 573 616 634 644 652
453 453 452 448 451 454 454 453 452 448 451 460 465 467 475 483 491 498 508 524 539 549 563 556 545 532 515 497 480 465 474 495 497 484 476 486 498 513 540 572 567 561 543 516 475 441 407 385 373 369 369 369 400 437 452 451 472 480 486 481 475 466 464 494 531 542 534 526 515 501 483 468 467 489 478 461 445 428 420 421 424 425 426 442 471 467 440 460 487 515 568 594 616 627 636 640
461 464 467 464 465 464 464 461 459 455 452 453 458 462 471 475 486 496 505 511 515 540 552 540 521 508 500 490 475 469 484 503 505 489 481 486 494 502 554 570 565 557 543 526 499 469 430 403 381 369 369 369 385 414 430 455 478 510 517 509 502 495 485 502 525 525 513 501 491 481 474 474 470 462 453 443 438 433 431 431 433 428 424 435 448 447 436 452 489 566 582 594 605 617 622 620
469 472 480 470 476 477 474 473 468 465 461 456 461 466 472 478 489 500 504 503 513 523 531 524 506 494 487 478 472 472 484 502 505 490 485 492 502 529 553 566 556 537 519 503 482 451 414 393 376 369 369 369 374 396 432 460 495 527 536 530 526 519 504 502 506 498 492 487 486 484 480 501 490 472 471 464 449 461 463 457 451 450 437 431 432 432 434 448 528 558 572 587 594 598 595 593
482 486 479 475 479 485 486 484 478 473 466 457 461 468 475 483 491 498 496 502 508 515 523 520 508 496 488 476 472 475 480 490 496 489 488 497 524 543 557 554 537 520 502 480 452 418 386 373 368 369 369 369 379 436 468 493 518 531 535 530 523 516 510 509 505 504 508 512 514 511 521 545 542 526 527 518 497 501 503 493 486 489 465 437 436 436 435 472 500 519 539 556 562 563 561 554
496 493 484 478 480 486 490 493 487 476 468 461 462 466 470 478 485 487 491 495 503 509 517 518 511 498 490 481 475 480 487 489 493 491 492 509 522 544 556 541 523 508 494 472 449 417 397 388 381 369 369 369 415 459 491 514 524 520 517 512 508 511 517 525 527 535 544 556 561 546 555 574 574 566 564 551 536 536 541 536 528 518 483 451 453 448 440 450 457 471 498 517 521 518 517 522
503 495 490 486 485 491 497 497 490 482 475 471 466 466 467 470 473 480 485 490 496 501 505 508 510 507 502 491 481 481 490 494 496 495 503 508 516 530 544 542 534 519 503 486 474 447 415 398 387 369 369 376 400 434 466 498 508 500 497 497 503 515 533 551 564 573 582 589 581 575 582 591 586 578 576 565 557 564 572 570 557 535 503 485 483 456 452 447 447 448 470 484 490 499 515 540
521 513 507 500 491 493 502 501 496 492 485 477 469 471 476 476 479 479 483 487 490 493 496 503 510 511 504 494 487 484 490 495 499 498 501 497 498 504 520 525 522 514 495 473 455 432 400 384 375 369 369 372 380 400 433 469 484 484 486 495 516 532 548 566 584 596 602 597 594 589 594 599 594 586 586 586 584 589 590 582 568 548 535 540 516 504 491 477 461 448 463 481 500 523 551 580
545 540 531 520 505 498 503 506 508 503 492 483 473 476 484 486 485 486 489 493 495 496 497 502 510 512 504 496 493 491 495 501 503 497 488 478 471 472 483 483 483 484 463 440 420 399 380 370 367 369 369 368 373 385 409 440 465 474 483 496 508 519 535 562 583 588 589 588 587 586 589 597 599 598 596 599 603 606 600 587 568 553 554 563 551 537 522 511 487 461 461 485 512 534 555 577
543 542 541 538 528 517 511 508 514 513 500 489 478 479 490 493 495 494 497 499 501 504 508 505 510 514 512 505 501 496 500 508 505 491 475 460 451 448 448 449 448 450 433 416 401 385 374 369 369 369 369 369 370 377 395 426 449 456 458 463 470 494 533 562 569 565 565 567 570 578 585 597 604 605 605 605 610 610 598 587 577 570 575 571 560 549 539 533 508 473 456 476 493 501 520 539
